010		00100		0001000		001100  00011000   0000110000
111		00100		0001000		001100	00011000   0000110000	
010		11111		0001000		111111  00011000   0000110000
		00100		1111111		111111  11111111   0000110000
3		00100		0001000	        001100	11111111   1111111111
				0001000		001100  00011000   1111111111
		 5		0001000	                00011000   0000110000 
					          6     00011000   0000110000
				   7                               0000110000
							   8       0000110000
								      
							               10